110.1,51.5