118.3,41.2